image: z164_5_2.pgm
resolution: 0.150000
origin: [-51.224998, -51.224998, 0.000000]
negate: 0
occupied_thresh: 0.65
free_thresh: 0.196

